Id,SalePrice
1.461000000000000000e+03,1.167625516579255240e+01
1.462000000000000000e+03,1.187547977397692378e+01
1.463000000000000000e+03,1.206325033050226381e+01
1.464000000000000000e+03,1.218662292420497906e+01
1.465000000000000000e+03,1.219159881735969897e+01
1.466000000000000000e+03,1.206670459273682638e+01
1.467000000000000000e+03,1.205936882734665616e+01
1.468000000000000000e+03,1.205589993313825659e+01
1.469000000000000000e+03,1.214169252539619137e+01
1.470000000000000000e+03,1.169726799276722495e+01
1.471000000000000000e+03,1.226405286269850237e+01
1.472000000000000000e+03,1.159347800302929343e+01
1.473000000000000000e+03,1.153637563202573446e+01
1.474000000000000000e+03,1.201860576188044050e+01
1.475000000000000000e+03,1.181276810291362267e+01
1.476000000000000000e+03,1.277142219484292696e+01
1.477000000000000000e+03,1.240055339778597343e+01
1.478000000000000000e+03,1.268699074920227332e+01
1.479000000000000000e+03,1.262649360889161443e+01
1.480000000000000000e+03,1.308025299849397349e+01
1.481000000000000000e+03,1.261975041503652406e+01
1.482000000000000000e+03,1.234508569055341809e+01
1.483000000000000000e+03,1.206650412830008179e+01
1.484000000000000000e+03,1.211452903552795846e+01
1.485000000000000000e+03,1.218448101199684963e+01
1.486000000000000000e+03,1.222730580223069552e+01
1.487000000000000000e+03,1.260490421226331215e+01
1.488000000000000000e+03,1.241532376410086691e+01
1.489000000000000000e+03,1.211226283545466664e+01
1.490000000000000000e+03,1.232022622834523773e+01
1.491000000000000000e+03,1.218059762380154254e+01
1.492000000000000000e+03,1.147759287583165921e+01
1.493000000000000000e+03,1.214845987566621588e+01
1.494000000000000000e+03,1.254102935517237682e+01
1.495000000000000000e+03,1.256928904190702312e+01
1.496000000000000000e+03,1.239421897540756667e+01
1.497000000000000000e+03,1.214671419598386848e+01
1.498000000000000000e+03,1.205638132061662127e+01
1.499000000000000000e+03,1.207842077277461357e+01
1.500000000000000000e+03,1.199579643153617425e+01
1.501000000000000000e+03,1.206656910046802267e+01
1.502000000000000000e+03,1.207179336442760942e+01
1.503000000000000000e+03,1.252158360388900427e+01
1.504000000000000000e+03,1.239901959893430217e+01
1.505000000000000000e+03,1.231616909744486321e+01
1.506000000000000000e+03,1.211100448510025274e+01
1.507000000000000000e+03,1.239746288515523531e+01
1.508000000000000000e+03,1.216686478076051259e+01
1.509000000000000000e+03,1.197455071584155206e+01
1.510000000000000000e+03,1.184322224329234707e+01
1.511000000000000000e+03,1.188008913488214624e+01
1.512000000000000000e+03,1.200231382074547426e+01
1.513000000000000000e+03,1.196388891438732216e+01
1.514000000000000000e+03,1.189683289132276300e+01
1.515000000000000000e+03,1.217884021937635453e+01
1.516000000000000000e+03,1.196284449198785893e+01
1.517000000000000000e+03,1.200552991675650105e+01
1.518000000000000000e+03,1.190838714677679988e+01
1.519000000000000000e+03,1.229676616865296523e+01
1.520000000000000000e+03,1.174747486403910557e+01
1.521000000000000000e+03,1.176475308652320173e+01
1.522000000000000000e+03,1.209221704996315694e+01
1.523000000000000000e+03,1.161225155089224437e+01
1.524000000000000000e+03,1.162984466407108641e+01
1.525000000000000000e+03,1.167091512795103725e+01
1.526000000000000000e+03,1.167027076413122444e+01
1.527000000000000000e+03,1.158198049990916445e+01
1.528000000000000000e+03,1.184471432563389293e+01
1.529000000000000000e+03,1.182866927753077135e+01
1.530000000000000000e+03,1.204924967543241010e+01
1.531000000000000000e+03,1.174257948794531714e+01
1.532000000000000000e+03,1.144890414891940367e+01
1.533000000000000000e+03,1.173164779119315071e+01
1.534000000000000000e+03,1.175116036023682042e+01
1.535000000000000000e+03,1.189287269071157382e+01
1.536000000000000000e+03,1.154182484114143747e+01
1.537000000000000000e+03,1.126191197034153291e+01
1.538000000000000000e+03,1.187096618901617617e+01
1.539000000000000000e+03,1.212948431681541450e+01
1.540000000000000000e+03,1.154217747048578779e+01
1.541000000000000000e+03,1.185585890956297916e+01
1.542000000000000000e+03,1.181072689804461184e+01
1.543000000000000000e+03,1.208887290790874047e+01
1.544000000000000000e+03,1.127156888429269088e+01
1.545000000000000000e+03,1.158404858186734465e+01
1.546000000000000000e+03,1.181026243318823532e+01
1.547000000000000000e+03,1.172949586479617068e+01
1.548000000000000000e+03,1.167716259632319975e+01
1.549000000000000000e+03,1.164276557971928838e+01
1.550000000000000000e+03,1.177227937295961091e+01
1.551000000000000000e+03,1.170635234245762391e+01
1.552000000000000000e+03,1.180578172676773008e+01
1.553000000000000000e+03,1.173788988735133287e+01
1.554000000000000000e+03,1.172625479433403584e+01
1.555000000000000000e+03,1.197784857700126615e+01
1.556000000000000000e+03,1.148827775516125627e+01
1.557000000000000000e+03,1.144396323483106848e+01
1.558000000000000000e+03,1.159593955852682967e+01
1.559000000000000000e+03,1.144059751553129800e+01
1.560000000000000000e+03,1.187723459130762649e+01
1.561000000000000000e+03,1.156861156391381940e+01
1.562000000000000000e+03,1.174930835433422693e+01
1.563000000000000000e+03,1.168845493142494085e+01
1.564000000000000000e+03,1.206081618372049746e+01
1.565000000000000000e+03,1.194975880448687278e+01
1.566000000000000000e+03,1.224254977718461035e+01
1.567000000000000000e+03,1.138692826132510127e+01
1.568000000000000000e+03,1.226497094465286253e+01
1.569000000000000000e+03,1.183665875457366212e+01
1.570000000000000000e+03,1.190073340582966033e+01
1.571000000000000000e+03,1.178003569729103894e+01
1.572000000000000000e+03,1.185184741195186575e+01
1.573000000000000000e+03,1.234537456195092098e+01
1.574000000000000000e+03,1.177250557202660097e+01
1.575000000000000000e+03,1.224911649756642262e+01
1.576000000000000000e+03,1.236832747069666993e+01
1.577000000000000000e+03,1.214581138806815375e+01
1.578000000000000000e+03,1.190363972575641682e+01
1.579000000000000000e+03,1.184091027215220038e+01
1.580000000000000000e+03,1.222173562355416010e+01
1.581000000000000000e+03,1.181822039411029479e+01
1.582000000000000000e+03,1.170686918858421066e+01
1.583000000000000000e+03,1.264560807112235530e+01
1.584000000000000000e+03,1.234067323085147194e+01
1.585000000000000000e+03,1.187446276729519212e+01
1.586000000000000000e+03,1.134795756149920010e+01
1.587000000000000000e+03,1.162555332703751176e+01
1.588000000000000000e+03,1.180863737009133629e+01
1.589000000000000000e+03,1.149686463338952791e+01
1.590000000000000000e+03,1.181428611791975491e+01
1.591000000000000000e+03,1.144164399432901469e+01
1.592000000000000000e+03,1.165966727161874061e+01
1.593000000000000000e+03,1.178407734675010943e+01
1.594000000000000000e+03,1.174245550005466043e+01
1.595000000000000000e+03,1.169423587927275321e+01
1.596000000000000000e+03,1.223834043373191527e+01
1.597000000000000000e+03,1.209629063866000998e+01
1.598000000000000000e+03,1.214556915549405147e+01
1.599000000000000000e+03,1.208748584005418714e+01
1.600000000000000000e+03,1.208108183228786814e+01
1.601000000000000000e+03,1.110828028470269757e+01
1.602000000000000000e+03,1.162604131192964019e+01
1.603000000000000000e+03,1.152256627608990946e+01
1.604000000000000000e+03,1.238947711786397043e+01
1.605000000000000000e+03,1.248237486537783347e+01
1.606000000000000000e+03,1.202337822749849394e+01
1.607000000000000000e+03,1.211235461024753945e+01
1.608000000000000000e+03,1.228616938523173019e+01
1.609000000000000000e+03,1.212511391174148301e+01
1.610000000000000000e+03,1.187317912326427027e+01
1.611000000000000000e+03,1.187390082967874605e+01
1.612000000000000000e+03,1.206790996738617849e+01
1.613000000000000000e+03,1.200435165151277062e+01
1.614000000000000000e+03,1.173788633700098671e+01
1.615000000000000000e+03,1.141467645506586592e+01
1.616000000000000000e+03,1.137760738449771303e+01
1.617000000000000000e+03,1.150273890747636152e+01
1.618000000000000000e+03,1.173352044655498716e+01
1.619000000000000000e+03,1.176955400646725991e+01
1.620000000000000000e+03,1.209576457898315383e+01
1.621000000000000000e+03,1.181903854225891770e+01
1.622000000000000000e+03,1.184108777413245051e+01
1.623000000000000000e+03,1.247316736409121773e+01
1.624000000000000000e+03,1.227015445591253240e+01
1.625000000000000000e+03,1.174237757701393292e+01
1.626000000000000000e+03,1.208403887293957979e+01
1.627000000000000000e+03,1.215186844329473814e+01
1.628000000000000000e+03,1.256767939579549420e+01
1.629000000000000000e+03,1.211259422863802726e+01
1.630000000000000000e+03,1.275442509243538503e+01
1.631000000000000000e+03,1.224158011985937833e+01
1.632000000000000000e+03,1.236108318481733370e+01
1.633000000000000000e+03,1.209213143128097734e+01
1.634000000000000000e+03,1.214429362252440114e+01
1.635000000000000000e+03,1.213015812525914505e+01
1.636000000000000000e+03,1.200617437826821288e+01
1.637000000000000000e+03,1.203582867021875913e+01
1.638000000000000000e+03,1.221962244714172385e+01
1.639000000000000000e+03,1.208910573986704051e+01
1.640000000000000000e+03,1.237104725310543074e+01
1.641000000000000000e+03,1.213883260543058995e+01
1.642000000000000000e+03,1.237120421787214752e+01
1.643000000000000000e+03,1.236082267783638144e+01
1.644000000000000000e+03,1.239688499668793753e+01
1.645000000000000000e+03,1.210003800923311346e+01
1.646000000000000000e+03,1.200645921053183862e+01
1.647000000000000000e+03,1.203601246770808331e+01
1.648000000000000000e+03,1.181009611724864250e+01
1.649000000000000000e+03,1.174138477855653129e+01
1.650000000000000000e+03,1.161990333050523283e+01
1.651000000000000000e+03,1.167830844269956359e+01
1.652000000000000000e+03,1.160230636421318096e+01
1.653000000000000000e+03,1.159131807628237709e+01
1.654000000000000000e+03,1.200480817956852064e+01
1.655000000000000000e+03,1.200712953791076743e+01
1.656000000000000000e+03,1.199222196847221866e+01
1.657000000000000000e+03,1.198721716880797672e+01
1.658000000000000000e+03,1.202387265215627288e+01
1.659000000000000000e+03,1.182319752155590464e+01
1.660000000000000000e+03,1.195661196067859855e+01
1.661000000000000000e+03,1.304131871827646094e+01
1.662000000000000000e+03,1.291289314179279302e+01
1.663000000000000000e+03,1.280910814210397675e+01
1.664000000000000000e+03,1.314534501557941937e+01
1.665000000000000000e+03,1.263865370215665607e+01
1.666000000000000000e+03,1.272112701326664563e+01
1.667000000000000000e+03,1.278898833108393518e+01
1.668000000000000000e+03,1.274201619053063084e+01
1.669000000000000000e+03,1.267408512923126906e+01
1.670000000000000000e+03,1.277111238329202259e+01
1.671000000000000000e+03,1.244085440466931658e+01
1.672000000000000000e+03,1.300957617680690603e+01
1.673000000000000000e+03,1.258840640249440845e+01
1.674000000000000000e+03,1.243173225180838948e+01
1.675000000000000000e+03,1.220869942921927098e+01
1.676000000000000000e+03,1.221936176551330178e+01
1.677000000000000000e+03,1.231677865876919320e+01
1.678000000000000000e+03,1.305310602333911874e+01
1.679000000000000000e+03,1.281074645664075007e+01
1.680000000000000000e+03,1.266861972346219289e+01
1.681000000000000000e+03,1.249002852366697702e+01
1.682000000000000000e+03,1.263316621040063126e+01
1.683000000000000000e+03,1.222437063601821983e+01
1.684000000000000000e+03,1.221796319081092363e+01
1.685000000000000000e+03,1.213816117470696909e+01
1.686000000000000000e+03,1.217896516383004979e+01
1.687000000000000000e+03,1.212900247895327865e+01
1.688000000000000000e+03,1.220011625641298281e+01
1.689000000000000000e+03,1.223732985060602552e+01
1.690000000000000000e+03,1.228846301803438124e+01
1.691000000000000000e+03,1.221935769632653646e+01
1.692000000000000000e+03,1.253094828933702942e+01
1.693000000000000000e+03,1.211857438089580086e+01
1.694000000000000000e+03,1.214551620427852896e+01
1.695000000000000000e+03,1.208071107455905846e+01
1.696000000000000000e+03,1.244749053897445279e+01
1.697000000000000000e+03,1.207836886323350889e+01
1.698000000000000000e+03,1.271535057148119918e+01
1.699000000000000000e+03,1.258543927109904459e+01
1.700000000000000000e+03,1.237677145700241255e+01
1.701000000000000000e+03,1.248174772847222869e+01
1.702000000000000000e+03,1.239736635991132019e+01
1.703000000000000000e+03,1.244121348855531295e+01
1.704000000000000000e+03,1.255308819980657020e+01
1.705000000000000000e+03,1.240481014945602389e+01
1.706000000000000000e+03,1.298435397616059817e+01
1.707000000000000000e+03,1.221171433606825119e+01
1.708000000000000000e+03,1.218272281801563039e+01
1.709000000000000000e+03,1.249423454464490035e+01
1.710000000000000000e+03,1.233508804521825830e+01
1.711000000000000000e+03,1.254689471882712937e+01
1.712000000000000000e+03,1.242201878875474463e+01
1.713000000000000000e+03,1.252292554743078767e+01
1.714000000000000000e+03,1.226854615166303120e+01
1.715000000000000000e+03,1.222709923171813529e+01
1.716000000000000000e+03,1.208339137161478938e+01
1.717000000000000000e+03,1.208916850481852379e+01
1.718000000000000000e+03,1.179138906612734239e+01
1.719000000000000000e+03,1.218777715383427562e+01
1.720000000000000000e+03,1.236090629864338730e+01
1.721000000000000000e+03,1.203461883362885843e+01
1.722000000000000000e+03,1.171620416556210387e+01
1.723000000000000000e+03,1.195914227257452112e+01
1.724000000000000000e+03,1.224136250027366124e+01
1.725000000000000000e+03,1.236560333433884651e+01
1.726000000000000000e+03,1.211998396884170504e+01
1.727000000000000000e+03,1.200607932899409747e+01
1.728000000000000000e+03,1.213402843115380847e+01
1.729000000000000000e+03,1.194959294753595458e+01
1.730000000000000000e+03,1.205145245372605700e+01
1.731000000000000000e+03,1.168419817700437768e+01
1.732000000000000000e+03,1.175265687832298767e+01
1.733000000000000000e+03,1.167611229953718777e+01
1.734000000000000000e+03,1.170460865090590374e+01
1.735000000000000000e+03,1.183315768541907431e+01
1.736000000000000000e+03,1.163104590560386953e+01
1.737000000000000000e+03,1.257820950069878840e+01
1.738000000000000000e+03,1.229443928856361445e+01
1.739000000000000000e+03,1.256263020218577608e+01
1.740000000000000000e+03,1.222076077978421438e+01
1.741000000000000000e+03,1.216920909162000974e+01
1.742000000000000000e+03,1.203710280871672467e+01
1.743000000000000000e+03,1.211919000646609668e+01
1.744000000000000000e+03,1.249250775468931707e+01
1.745000000000000000e+03,1.217565785109680832e+01
1.746000000000000000e+03,1.230984431468726115e+01
1.747000000000000000e+03,1.232106890798881693e+01
1.748000000000000000e+03,1.228624400445325549e+01
1.749000000000000000e+03,1.192385095975518539e+01
1.750000000000000000e+03,1.183237351212775224e+01
1.751000000000000000e+03,1.240458271882961938e+01
1.752000000000000000e+03,1.169366829938733332e+01
1.753000000000000000e+03,1.188129051262608371e+01
1.754000000000000000e+03,1.223463799233394056e+01
1.755000000000000000e+03,1.206630473954867355e+01
1.756000000000000000e+03,1.164698941286064837e+01
1.757000000000000000e+03,1.163915348046332277e+01
1.758000000000000000e+03,1.188558280929203015e+01
1.759000000000000000e+03,1.193911539150642653e+01
1.760000000000000000e+03,1.198031486365127485e+01
1.761000000000000000e+03,1.192661668762173477e+01
1.762000000000000000e+03,1.204853332249368947e+01
1.763000000000000000e+03,1.203914281284111532e+01
1.764000000000000000e+03,1.165955840447761815e+01
1.765000000000000000e+03,1.204480353128117898e+01
1.766000000000000000e+03,1.208074715874967708e+01
1.767000000000000000e+03,1.223805579247322228e+01
1.768000000000000000e+03,1.175223645586472543e+01
1.769000000000000000e+03,1.206747063213195759e+01
1.770000000000000000e+03,1.190289009511668361e+01
1.771000000000000000e+03,1.174556687258248644e+01
1.772000000000000000e+03,1.177987284466481910e+01
1.773000000000000000e+03,1.173403342143091876e+01
1.774000000000000000e+03,1.193079095189389705e+01
1.775000000000000000e+03,1.175269059250017989e+01
1.776000000000000000e+03,1.168998855966505346e+01
1.777000000000000000e+03,1.159418608212454771e+01
1.778000000000000000e+03,1.186318659632971872e+01
1.779000000000000000e+03,1.165167668155895342e+01
1.780000000000000000e+03,1.217248916544952131e+01
1.781000000000000000e+03,1.173573446023992872e+01
1.782000000000000000e+03,1.143524459481059097e+01
1.783000000000000000e+03,1.191654111199553157e+01
1.784000000000000000e+03,1.158964806935635039e+01
1.785000000000000000e+03,1.164479528323242796e+01
1.786000000000000000e+03,1.192891256156615754e+01
1.787000000000000000e+03,1.206263040483785964e+01
1.788000000000000000e+03,1.103023747336130889e+01
1.789000000000000000e+03,1.150539349133392264e+01
1.790000000000000000e+03,1.140036160636635465e+01
1.791000000000000000e+03,1.229487154029296292e+01
1.792000000000000000e+03,1.184334292317257464e+01
1.793000000000000000e+03,1.191480122649729267e+01
1.794000000000000000e+03,1.194911451671756630e+01
1.795000000000000000e+03,1.173343265720286510e+01
1.796000000000000000e+03,1.174649380764268969e+01
1.797000000000000000e+03,1.168312646931988752e+01
1.798000000000000000e+03,1.168660368965844754e+01
1.799000000000000000e+03,1.156750958339882374e+01
1.800000000000000000e+03,1.174494355892426256e+01
1.801000000000000000e+03,1.172190829904418408e+01
1.802000000000000000e+03,1.190495929430997890e+01
1.803000000000000000e+03,1.196290071985044534e+01
1.804000000000000000e+03,1.183110570497010627e+01
1.805000000000000000e+03,1.186159883573519913e+01
1.806000000000000000e+03,1.176057410793078439e+01
1.807000000000000000e+03,1.184569258601777975e+01
1.808000000000000000e+03,1.171509537311493077e+01
1.809000000000000000e+03,1.159909206277992411e+01
1.810000000000000000e+03,1.174014753719514204e+01
1.811000000000000000e+03,1.129095673403548794e+01
1.812000000000000000e+03,1.131157936254390250e+01
1.813000000000000000e+03,1.162818117542977880e+01
1.814000000000000000e+03,1.145006336590509122e+01
1.815000000000000000e+03,1.096067235678314233e+01
1.816000000000000000e+03,1.144296755853383907e+01
1.817000000000000000e+03,1.160016942120649652e+01
1.818000000000000000e+03,1.184144762225628611e+01
1.819000000000000000e+03,1.189274411558491273e+01
1.820000000000000000e+03,1.138966576882006976e+01
1.821000000000000000e+03,1.165507059500941978e+01
1.822000000000000000e+03,1.198656663255966848e+01
1.823000000000000000e+03,1.112563735394236808e+01
1.824000000000000000e+03,1.172076652709058031e+01
1.825000000000000000e+03,1.186130530388995119e+01
1.826000000000000000e+03,1.156138908758426709e+01
1.827000000000000000e+03,1.158022672736081837e+01
1.828000000000000000e+03,1.168063418718453939e+01
1.829000000000000000e+03,1.176061808689477139e+01
1.830000000000000000e+03,1.181523705466169716e+01
1.831000000000000000e+03,1.192647900581687814e+01
1.832000000000000000e+03,1.151428342151438500e+01
1.833000000000000000e+03,1.185089053783889668e+01
1.834000000000000000e+03,1.183536052122589410e+01
1.835000000000000000e+03,1.168547278614352969e+01
1.836000000000000000e+03,1.168361648795487184e+01
1.837000000000000000e+03,1.134664291670281244e+01
1.838000000000000000e+03,1.175404167585132953e+01
1.839000000000000000e+03,1.157967191997430589e+01
1.840000000000000000e+03,1.174873589693366149e+01
1.841000000000000000e+03,1.178675143446039009e+01
1.842000000000000000e+03,1.148717011269608079e+01
1.843000000000000000e+03,1.177555852437506800e+01
1.844000000000000000e+03,1.188369476473666353e+01
1.845000000000000000e+03,1.185811764438381744e+01
1.846000000000000000e+03,1.195105655154736013e+01
1.847000000000000000e+03,1.193323623602332084e+01
1.848000000000000000e+03,1.101308075127983166e+01
1.849000000000000000e+03,1.164517672440921281e+01
1.850000000000000000e+03,1.167479254710978687e+01
1.851000000000000000e+03,1.192846106234027737e+01
1.852000000000000000e+03,1.172708956704354755e+01
1.853000000000000000e+03,1.182578518949130775e+01
1.854000000000000000e+03,1.202318845249804724e+01
1.855000000000000000e+03,1.195012568491917904e+01
1.856000000000000000e+03,1.232816696078860907e+01
1.857000000000000000e+03,1.207369115848342034e+01
1.858000000000000000e+03,1.192366961125158298e+01
1.859000000000000000e+03,1.181222027195105539e+01
1.860000000000000000e+03,1.197715107552129155e+01
1.861000000000000000e+03,1.180837673533201304e+01
1.862000000000000000e+03,1.269771331169632234e+01
1.863000000000000000e+03,1.269771331169632234e+01
1.864000000000000000e+03,1.269771331169632234e+01
1.865000000000000000e+03,1.268698489265029039e+01
1.866000000000000000e+03,1.270061241048450640e+01
1.867000000000000000e+03,1.240233011758810378e+01
1.868000000000000000e+03,1.260095842080197670e+01
1.869000000000000000e+03,1.228567461449503639e+01
1.870000000000000000e+03,1.233868054564542049e+01
1.871000000000000000e+03,1.247875721994572906e+01
1.872000000000000000e+03,1.212688707834632851e+01
1.873000000000000000e+03,1.228416751094169257e+01
1.874000000000000000e+03,1.180056744222919285e+01
1.875000000000000000e+03,1.220195588317035629e+01
1.876000000000000000e+03,1.217449873531048254e+01
1.877000000000000000e+03,1.224856006720178669e+01
1.878000000000000000e+03,1.223768802352032736e+01
1.879000000000000000e+03,1.167967897067342697e+01
1.880000000000000000e+03,1.175247195396968003e+01
1.881000000000000000e+03,1.240175723308519196e+01
1.882000000000000000e+03,1.239392468711285389e+01
1.883000000000000000e+03,1.216898531351368007e+01
1.884000000000000000e+03,1.221695681861987381e+01
1.885000000000000000e+03,1.237797030581412372e+01
1.886000000000000000e+03,1.254743925940339011e+01
1.887000000000000000e+03,1.226469531208509878e+01
1.888000000000000000e+03,1.253540453696593104e+01
1.889000000000000000e+03,1.207247182527050811e+01
1.890000000000000000e+03,1.169278544815295362e+01
1.891000000000000000e+03,1.177797731592084673e+01
1.892000000000000000e+03,1.153334348812912502e+01
1.893000000000000000e+03,1.179648513061270876e+01
1.894000000000000000e+03,1.171084055184103079e+01
1.895000000000000000e+03,1.186413656292883267e+01
1.896000000000000000e+03,1.182477422737708395e+01
1.897000000000000000e+03,1.179772104233135366e+01
1.898000000000000000e+03,1.175064209914106783e+01
1.899000000000000000e+03,1.200593723240173105e+01
1.900000000000000000e+03,1.193662658454973169e+01
1.901000000000000000e+03,1.191963661612036418e+01
1.902000000000000000e+03,1.178452083920712923e+01
1.903000000000000000e+03,1.230866989127486377e+01
1.904000000000000000e+03,1.174779674192587642e+01
1.905000000000000000e+03,1.202663517079115785e+01
1.906000000000000000e+03,1.180666431739880196e+01
1.907000000000000000e+03,1.211806251809348822e+01
1.908000000000000000e+03,1.172780752583008024e+01
1.909000000000000000e+03,1.190804479963327545e+01
1.910000000000000000e+03,1.182745374692779983e+01
1.911000000000000000e+03,1.206617517253338079e+01
1.912000000000000000e+03,1.257285901397878902e+01
1.913000000000000000e+03,1.180098509183995326e+01
1.914000000000000000e+03,1.127064165572680743e+01
1.915000000000000000e+03,1.241253675619645591e+01
1.916000000000000000e+03,1.110310453579495338e+01
1.917000000000000000e+03,1.245149356503062776e+01
1.918000000000000000e+03,1.185284796790818262e+01
1.919000000000000000e+03,1.206599808129381302e+01
1.920000000000000000e+03,1.191065651393909164e+01
1.921000000000000000e+03,1.281028514585425881e+01
1.922000000000000000e+03,1.262014433953617321e+01
1.923000000000000000e+03,1.224607613599343026e+01
1.924000000000000000e+03,1.228725932252694264e+01
1.925000000000000000e+03,1.227801550462041824e+01
1.926000000000000000e+03,1.278456042400337012e+01
1.927000000000000000e+03,1.172548589013056741e+01
1.928000000000000000e+03,1.200917616954853351e+01
1.929000000000000000e+03,1.163468841598870895e+01
1.930000000000000000e+03,1.184434419581821629e+01
1.931000000000000000e+03,1.184155362786636090e+01
1.932000000000000000e+03,1.180144756088595770e+01
1.933000000000000000e+03,1.199920378479895433e+01
1.934000000000000000e+03,1.213713139261761143e+01
1.935000000000000000e+03,1.201031653174871572e+01
1.936000000000000000e+03,1.213582350427622458e+01
1.937000000000000000e+03,1.207894529893524549e+01
1.938000000000000000e+03,1.199552119087320712e+01
1.939000000000000000e+03,1.243376013414808767e+01
1.940000000000000000e+03,1.217641838020076861e+01
1.941000000000000000e+03,1.207866021104050525e+01
1.942000000000000000e+03,1.207587527204393396e+01
1.943000000000000000e+03,1.224156319084530509e+01
1.944000000000000000e+03,1.266305970982297779e+01
1.945000000000000000e+03,1.272700836975551653e+01
1.946000000000000000e+03,1.202870457819876115e+01
1.947000000000000000e+03,1.258440905223796236e+01
1.948000000000000000e+03,1.197955990474760668e+01
1.949000000000000000e+03,1.234230258910501732e+01
1.950000000000000000e+03,1.207432641481619662e+01
1.951000000000000000e+03,1.243293248049502076e+01
1.952000000000000000e+03,1.226405524207918418e+01
1.953000000000000000e+03,1.205403113622597466e+01
1.954000000000000000e+03,1.216884370894207734e+01
1.955000000000000000e+03,1.178601710589733642e+01
1.956000000000000000e+03,1.268172776072657193e+01
1.957000000000000000e+03,1.198259580713635941e+01
1.958000000000000000e+03,1.263204974669996083e+01
1.959000000000000000e+03,1.189640311635450765e+01
1.960000000000000000e+03,1.156288339854225278e+01
1.961000000000000000e+03,1.169297972306351951e+01
1.962000000000000000e+03,1.160957641857667255e+01
1.963000000000000000e+03,1.161367729974779905e+01
1.964000000000000000e+03,1.161280815498633245e+01
1.965000000000000000e+03,1.197437138275312130e+01
1.966000000000000000e+03,1.194213320453461336e+01
1.967000000000000000e+03,1.254487660996145593e+01
1.968000000000000000e+03,1.287693840744386264e+01
1.969000000000000000e+03,1.279608965002630150e+01
1.970000000000000000e+03,1.294081920675420072e+01
1.971000000000000000e+03,1.305531018315902259e+01
1.972000000000000000e+03,1.284568876809740523e+01
1.973000000000000000e+03,1.252156419130281506e+01
1.974000000000000000e+03,1.270929251729968001e+01
1.975000000000000000e+03,1.307916303680855563e+01
1.976000000000000000e+03,1.254194753453894684e+01
1.977000000000000000e+03,1.281665154417335195e+01
1.978000000000000000e+03,1.269770937892882756e+01
1.979000000000000000e+03,1.268402016731009851e+01
1.980000000000000000e+03,1.226454936391430905e+01
1.981000000000000000e+03,1.275636052861053926e+01
1.982000000000000000e+03,1.239701484185398606e+01
1.983000000000000000e+03,1.234416128262394352e+01
1.984000000000000000e+03,1.215231943614911891e+01
1.985000000000000000e+03,1.236047188701308563e+01
1.986000000000000000e+03,1.229070569589820927e+01
1.987000000000000000e+03,1.215690217574919707e+01
1.988000000000000000e+03,1.215302790097794272e+01
1.989000000000000000e+03,1.222163691142733555e+01
1.990000000000000000e+03,1.228091545148907926e+01
1.991000000000000000e+03,1.231677865876919320e+01
1.992000000000000000e+03,1.231032994848220952e+01
1.993000000000000000e+03,1.216644633156836264e+01
1.994000000000000000e+03,1.237407047264297688e+01
1.995000000000000000e+03,1.214930906159253965e+01
1.996000000000000000e+03,1.245761919403588536e+01
1.997000000000000000e+03,1.262117694034755999e+01
1.998000000000000000e+03,1.260488851275905375e+01
1.999000000000000000e+03,1.253901180287056683e+01
2.000000000000000000e+03,1.255508995480350443e+01
2.001000000000000000e+03,1.244972060749272025e+01
2.002000000000000000e+03,1.241484615474112374e+01
2.003000000000000000e+03,1.243717718400339578e+01
2.004000000000000000e+03,1.253527520136995399e+01
2.005000000000000000e+03,1.241452943712103618e+01
2.006000000000000000e+03,1.226639882712509078e+01
2.007000000000000000e+03,1.243854489059463120e+01
2.008000000000000000e+03,1.219240259303361107e+01
2.009000000000000000e+03,1.214664628002743285e+01
2.010000000000000000e+03,1.218074913317534147e+01
2.011000000000000000e+03,1.182826897101231545e+01
2.012000000000000000e+03,1.211298644444269357e+01
2.013000000000000000e+03,1.210062060857474364e+01
2.014000000000000000e+03,1.214395986074507938e+01
2.015000000000000000e+03,1.220149073551828600e+01
2.016000000000000000e+03,1.216719728950620194e+01
2.017000000000000000e+03,1.220664892905936938e+01
2.018000000000000000e+03,1.172142112744770870e+01
2.019000000000000000e+03,1.183452109930358631e+01
2.020000000000000000e+03,1.154992231763993615e+01
2.021000000000000000e+03,1.165524820158435304e+01
2.022000000000000000e+03,1.206097040593651926e+01
2.023000000000000000e+03,1.191676768704283162e+01
2.024000000000000000e+03,1.242907580783639787e+01
2.025000000000000000e+03,1.269391501284295032e+01
2.026000000000000000e+03,1.213970386193549800e+01
2.027000000000000000e+03,1.201404403202053395e+01
2.028000000000000000e+03,1.206476565297218428e+01
2.029000000000000000e+03,1.199102586034288720e+01
2.030000000000000000e+03,1.250343042403894245e+01
2.031000000000000000e+03,1.242392494906514600e+01
2.032000000000000000e+03,1.250120348975869078e+01
2.033000000000000000e+03,1.248668155407983349e+01
2.034000000000000000e+03,1.210045103201367667e+01
2.035000000000000000e+03,1.227429633653768448e+01
2.036000000000000000e+03,1.225513027411463085e+01
2.037000000000000000e+03,1.227119696820717820e+01
2.038000000000000000e+03,1.263450583368186031e+01
2.039000000000000000e+03,1.222584424581251739e+01
2.040000000000000000e+03,1.273181380136260543e+01
2.041000000000000000e+03,1.247996009382480231e+01
2.042000000000000000e+03,1.221107557349252382e+01
2.043000000000000000e+03,1.204383569449981195e+01
2.044000000000000000e+03,1.209681192690660545e+01
2.045000000000000000e+03,1.223447072543367398e+01
2.046000000000000000e+03,1.192024324588296480e+01
2.047000000000000000e+03,1.189443701270312204e+01
2.048000000000000000e+03,1.180978433588403931e+01
2.049000000000000000e+03,1.192338773220907910e+01
2.050000000000000000e+03,1.209051863873235533e+01
2.051000000000000000e+03,1.159889707413483961e+01
2.052000000000000000e+03,1.176763732408629437e+01
2.053000000000000000e+03,1.187473856569139130e+01
2.054000000000000000e+03,1.147891185476750131e+01
2.055000000000000000e+03,1.189299340069162270e+01
2.056000000000000000e+03,1.191617230249359238e+01
2.057000000000000000e+03,1.171054040640982485e+01
2.058000000000000000e+03,1.228889255056274088e+01
2.059000000000000000e+03,1.184128915178306940e+01
2.060000000000000000e+03,1.197315783314062188e+01
2.061000000000000000e+03,1.204816573351087250e+01
2.062000000000000000e+03,1.173974760564769326e+01
2.063000000000000000e+03,1.163431712534896434e+01
2.064000000000000000e+03,1.173296456711570102e+01
2.065000000000000000e+03,1.159593209986334372e+01
2.066000000000000000e+03,1.208366424115340543e+01
2.067000000000000000e+03,1.185845091345702684e+01
2.068000000000000000e+03,1.193444604233360273e+01
2.069000000000000000e+03,1.130267617320680884e+01
2.070000000000000000e+03,1.162232634223613381e+01
2.071000000000000000e+03,1.151358069713495880e+01
2.072000000000000000e+03,1.198219595666173376e+01
2.073000000000000000e+03,1.182384331608874639e+01
2.074000000000000000e+03,1.217444273993526949e+01
2.075000000000000000e+03,1.183767470048989878e+01
2.076000000000000000e+03,1.171168058327759631e+01
2.077000000000000000e+03,1.179476718705676674e+01
2.078000000000000000e+03,1.169850472817764064e+01
2.079000000000000000e+03,1.182316976603172520e+01
2.080000000000000000e+03,1.166815596284570944e+01
2.081000000000000000e+03,1.180317990905613357e+01
2.082000000000000000e+03,1.165226102096810479e+01
2.083000000000000000e+03,1.185946755356066262e+01
2.084000000000000000e+03,1.158943253930032569e+01
2.085000000000000000e+03,1.171749961234701232e+01
2.086000000000000000e+03,1.160771326081935939e+01
2.087000000000000000e+03,1.174251258530510000e+01
2.088000000000000000e+03,1.158059108624186706e+01
2.089000000000000000e+03,1.142187109069654305e+01
2.090000000000000000e+03,1.177161458065332766e+01
2.091000000000000000e+03,1.150384971703747716e+01
2.092000000000000000e+03,1.168217983680067995e+01
2.093000000000000000e+03,1.159497085794986049e+01
2.094000000000000000e+03,1.171783218166990181e+01
2.095000000000000000e+03,1.193954408779870136e+01
2.096000000000000000e+03,1.131810598304608106e+01
2.097000000000000000e+03,1.144941938104519785e+01
2.098000000000000000e+03,1.180038516217806865e+01
2.099000000000000000e+03,1.097941687139632982e+01
2.100000000000000000e+03,1.138843479461453079e+01
2.101000000000000000e+03,1.167048564469675398e+01
2.102000000000000000e+03,1.177799328276221935e+01
2.103000000000000000e+03,1.157958463151451056e+01
2.104000000000000000e+03,1.188263517372746136e+01
2.105000000000000000e+03,1.161064971931324052e+01
2.106000000000000000e+03,1.116207112159374759e+01
2.107000000000000000e+03,1.214113303543784284e+01
2.108000000000000000e+03,1.152720656024535906e+01
2.109000000000000000e+03,1.154954072913307073e+01
2.110000000000000000e+03,1.169049700508483269e+01
2.111000000000000000e+03,1.185373403494000755e+01
2.112000000000000000e+03,1.178865835556695174e+01
2.113000000000000000e+03,1.174574083768646737e+01
2.114000000000000000e+03,1.171493246590964787e+01
2.115000000000000000e+03,1.194210056234856410e+01
2.116000000000000000e+03,1.172184214141453040e+01
2.117000000000000000e+03,1.175267352588625158e+01
2.118000000000000000e+03,1.177529505964268708e+01
2.119000000000000000e+03,1.159881861626506172e+01
2.120000000000000000e+03,1.169433878004580407e+01
2.121000000000000000e+03,1.143676903282952040e+01
2.122000000000000000e+03,1.144112690730890769e+01
2.123000000000000000e+03,1.146491897611435462e+01
2.124000000000000000e+03,1.199512196320836921e+01
2.125000000000000000e+03,1.174494293271123802e+01
2.126000000000000000e+03,1.202952295633564006e+01
2.127000000000000000e+03,1.184184645015931636e+01
2.128000000000000000e+03,1.169551116543164859e+01
2.129000000000000000e+03,1.157747698918088197e+01
2.130000000000000000e+03,1.171551859480457125e+01
2.131000000000000000e+03,1.194851912115841763e+01
2.132000000000000000e+03,1.162236745207374256e+01
2.133000000000000000e+03,1.169163974770430414e+01
2.134000000000000000e+03,1.166927291791914101e+01
2.135000000000000000e+03,1.151335579696639755e+01
2.136000000000000000e+03,1.118966051260896855e+01
2.137000000000000000e+03,1.161301665953245532e+01
2.138000000000000000e+03,1.177047305287705115e+01
2.139000000000000000e+03,1.191123354601014483e+01
2.140000000000000000e+03,1.186826466820970793e+01
2.141000000000000000e+03,1.189745043140119130e+01
2.142000000000000000e+03,1.171140183350648201e+01
2.143000000000000000e+03,1.179808178991212131e+01
2.144000000000000000e+03,1.180533251427004338e+01
2.145000000000000000e+03,1.188482020823655816e+01
2.146000000000000000e+03,1.193433123173207377e+01
2.147000000000000000e+03,1.199020254093201387e+01
2.148000000000000000e+03,1.183052106179961527e+01
2.149000000000000000e+03,1.186309714239901680e+01
2.150000000000000000e+03,1.226042777202166967e+01
2.151000000000000000e+03,1.183611275411094610e+01
2.152000000000000000e+03,1.191212093008815565e+01
2.153000000000000000e+03,1.189211932321372167e+01
2.154000000000000000e+03,1.147475731503727481e+01
2.155000000000000000e+03,1.184361616546478047e+01
2.156000000000000000e+03,1.239909056833356082e+01
2.157000000000000000e+03,1.233743031341806429e+01
2.158000000000000000e+03,1.237418976272737936e+01
2.159000000000000000e+03,1.228915950089444209e+01
2.160000000000000000e+03,1.214600246886575974e+01
2.161000000000000000e+03,1.242969204095348346e+01
2.162000000000000000e+03,1.292133026234206739e+01
2.163000000000000000e+03,1.276508535930890531e+01
2.164000000000000000e+03,1.243076754164169984e+01
2.165000000000000000e+03,1.206375183284284347e+01
2.166000000000000000e+03,1.184890326045649189e+01
2.167000000000000000e+03,1.226636121101684651e+01
2.168000000000000000e+03,1.215484679435758331e+01
2.169000000000000000e+03,1.220696430543829436e+01
2.170000000000000000e+03,1.227454484022565850e+01
2.171000000000000000e+03,1.184290286885995513e+01
2.172000000000000000e+03,1.177688019601459501e+01
2.173000000000000000e+03,1.193097901132309246e+01
2.174000000000000000e+03,1.233693771681324236e+01
2.175000000000000000e+03,1.258500028886574995e+01
2.176000000000000000e+03,1.260616531229911530e+01
2.177000000000000000e+03,1.237084565754877907e+01
2.178000000000000000e+03,1.228735394955261384e+01
2.179000000000000000e+03,1.185876721290723523e+01
2.180000000000000000e+03,1.223158099295932111e+01
2.181000000000000000e+03,1.215514780521113103e+01
2.182000000000000000e+03,1.229743741936905366e+01
2.183000000000000000e+03,1.218701554166618983e+01
2.184000000000000000e+03,1.172271587719552599e+01
2.185000000000000000e+03,1.177419871590950606e+01
2.186000000000000000e+03,1.190858090831110516e+01
2.187000000000000000e+03,1.194749957446741817e+01
2.188000000000000000e+03,1.202305415699095370e+01
2.189000000000000000e+03,1.248265896155615806e+01
2.190000000000000000e+03,1.131404458299133964e+01
2.191000000000000000e+03,1.126564156004608996e+01
2.192000000000000000e+03,1.129121028896185308e+01
2.193000000000000000e+03,1.163818092510667412e+01
2.194000000000000000e+03,1.154684246365640732e+01
2.195000000000000000e+03,1.159944928221942106e+01
2.196000000000000000e+03,1.159750796612154033e+01
2.197000000000000000e+03,1.175211722066785569e+01
2.198000000000000000e+03,1.196716817870771621e+01
2.199000000000000000e+03,1.211145259226842086e+01
2.200000000000000000e+03,1.175621682929735989e+01
2.201000000000000000e+03,1.182828198189138114e+01
2.202000000000000000e+03,1.220804766532010532e+01
2.203000000000000000e+03,1.189547646049120999e+01
2.204000000000000000e+03,1.204887289873652279e+01
2.205000000000000000e+03,1.164443298062509946e+01
2.206000000000000000e+03,1.170965338579017789e+01
2.207000000000000000e+03,1.223732926133129340e+01
2.208000000000000000e+03,1.238814754534154972e+01
2.209000000000000000e+03,1.213483799229941340e+01
2.210000000000000000e+03,1.178333956330093635e+01
2.211000000000000000e+03,1.165232333854087443e+01
2.212000000000000000e+03,1.170690185887140089e+01
2.213000000000000000e+03,1.142759713744828431e+01
2.214000000000000000e+03,1.174550622175672387e+01
2.215000000000000000e+03,1.155709799350843880e+01
2.216000000000000000e+03,1.179686052686654385e+01
2.217000000000000000e+03,1.110282705630939581e+01
2.218000000000000000e+03,1.147280540729863141e+01
2.219000000000000000e+03,1.147778679672648039e+01
2.220000000000000000e+03,1.146898386381288759e+01
2.221000000000000000e+03,1.241535288163739992e+01
2.222000000000000000e+03,1.234882334599270948e+01
2.223000000000000000e+03,1.250533198771521270e+01
2.224000000000000000e+03,1.231129402914620208e+01
2.225000000000000000e+03,1.190245801406423709e+01
2.226000000000000000e+03,1.200095265567526681e+01
2.227000000000000000e+03,1.223083760915728213e+01
2.228000000000000000e+03,1.249893466204311743e+01
2.229000000000000000e+03,1.242510207990311599e+01
2.230000000000000000e+03,1.185941113394057567e+01
2.231000000000000000e+03,1.223042445221741836e+01
2.232000000000000000e+03,1.206647241723876185e+01
2.233000000000000000e+03,1.211322518420541883e+01
2.234000000000000000e+03,1.242026852795422975e+01
2.235000000000000000e+03,1.227579350363158994e+01
2.236000000000000000e+03,1.248634400304664283e+01
2.237000000000000000e+03,1.269488229944799329e+01
2.238000000000000000e+03,1.226251392091917936e+01
2.239000000000000000e+03,1.167967387285277781e+01
2.240000000000000000e+03,1.196813001161811130e+01
2.241000000000000000e+03,1.182485664381503732e+01
2.242000000000000000e+03,1.174884674864366829e+01
2.243000000000000000e+03,1.173321513959770002e+01
2.244000000000000000e+03,1.158517454567767757e+01
2.245000000000000000e+03,1.154323476564236906e+01
2.246000000000000000e+03,1.180691554804280408e+01
2.247000000000000000e+03,1.167905953945693476e+01
2.248000000000000000e+03,1.171526332000345505e+01
2.249000000000000000e+03,1.179627094109977392e+01
2.250000000000000000e+03,1.178127995504965497e+01
2.251000000000000000e+03,1.175370436332971380e+01
2.252000000000000000e+03,1.208755297205416923e+01
2.253000000000000000e+03,1.196693638375286461e+01
2.254000000000000000e+03,1.201025944019101033e+01
2.255000000000000000e+03,1.214480136011182765e+01
2.256000000000000000e+03,1.213076526085632523e+01
2.257000000000000000e+03,1.224896518710835025e+01
2.258000000000000000e+03,1.203137159376742105e+01
2.259000000000000000e+03,1.206292125925972769e+01
2.260000000000000000e+03,1.191395266266949804e+01
2.261000000000000000e+03,1.212779642780961709e+01
2.262000000000000000e+03,1.224985672257875535e+01
2.263000000000000000e+03,1.274010186460680316e+01
2.264000000000000000e+03,1.289845724415899397e+01
2.265000000000000000e+03,1.199501874355166287e+01
2.266000000000000000e+03,1.257111599145568981e+01
2.267000000000000000e+03,1.267065420535621278e+01
2.268000000000000000e+03,1.283125052419925005e+01
2.269000000000000000e+03,1.196201156823810408e+01
2.270000000000000000e+03,1.219518153679968364e+01
2.271000000000000000e+03,1.230190172426312145e+01
2.272000000000000000e+03,1.226547209069509847e+01
2.273000000000000000e+03,1.199378348395448590e+01
2.274000000000000000e+03,1.212529167336837332e+01
2.275000000000000000e+03,1.199576478494237186e+01
2.276000000000000000e+03,1.214304007368222038e+01
2.277000000000000000e+03,1.212347438097634367e+01
2.278000000000000000e+03,1.186380700384360232e+01
2.279000000000000000e+03,1.177682310624661710e+01
2.280000000000000000e+03,1.152066460464005004e+01
2.281000000000000000e+03,1.209914785229172196e+01
2.282000000000000000e+03,1.217954943874864782e+01
2.283000000000000000e+03,1.163989160108557996e+01
2.284000000000000000e+03,1.174549908470627457e+01
2.285000000000000000e+03,1.191613844222993812e+01
2.286000000000000000e+03,1.164744976283290612e+01
2.287000000000000000e+03,1.274918633157743031e+01
2.288000000000000000e+03,1.253752855917366915e+01
2.289000000000000000e+03,1.270399698018534629e+01
2.290000000000000000e+03,1.293847274816785387e+01
2.291000000000000000e+03,1.269480030692348649e+01
2.292000000000000000e+03,1.294462773309924231e+01
2.293000000000000000e+03,1.300690189168654598e+01
2.294000000000000000e+03,1.280967327322253624e+01
2.295000000000000000e+03,1.301127003108475222e+01
2.296000000000000000e+03,1.245737544588575041e+01
2.297000000000000000e+03,1.267147778401436575e+01
2.298000000000000000e+03,1.266343002813789731e+01
2.299000000000000000e+03,1.274531860132869987e+01
2.300000000000000000e+03,1.271621227091499229e+01
2.301000000000000000e+03,1.262765767528278538e+01
2.302000000000000000e+03,1.242712132601888619e+01
2.303000000000000000e+03,1.238420114442102005e+01
2.304000000000000000e+03,1.240955824668389873e+01
2.305000000000000000e+03,1.218082221313750324e+01
2.306000000000000000e+03,1.219028834125181859e+01
2.307000000000000000e+03,1.220647867484390403e+01
2.308000000000000000e+03,1.239270309763145406e+01
2.309000000000000000e+03,1.258691441653685317e+01
2.310000000000000000e+03,1.234438589794364738e+01
2.311000000000000000e+03,1.232903484853149401e+01
2.312000000000000000e+03,1.206118487944104700e+01
2.313000000000000000e+03,1.213607954935362443e+01
2.314000000000000000e+03,1.207347926689909912e+01
2.315000000000000000e+03,1.213494559437092946e+01
2.316000000000000000e+03,1.216767020384569342e+01
2.317000000000000000e+03,1.213565374905985728e+01
2.318000000000000000e+03,1.205410051603360344e+01
2.319000000000000000e+03,1.213076019299860420e+01
2.320000000000000000e+03,1.210820573323526617e+01
2.321000000000000000e+03,1.246979708836265033e+01
2.322000000000000000e+03,1.217395983169111950e+01
2.323000000000000000e+03,1.214330548537045829e+01
2.324000000000000000e+03,1.218850927491919123e+01
2.325000000000000000e+03,1.225069512017519280e+01
2.326000000000000000e+03,1.210731738949632330e+01
2.327000000000000000e+03,1.225692156163765745e+01
2.328000000000000000e+03,1.234218743366049509e+01
2.329000000000000000e+03,1.216981563424872803e+01
2.330000000000000000e+03,1.210764788763185074e+01
2.331000000000000000e+03,1.273984704001360235e+01
2.332000000000000000e+03,1.286572942380647078e+01
2.333000000000000000e+03,1.268164335643081131e+01
2.334000000000000000e+03,1.239893984805451765e+01
2.335000000000000000e+03,1.250452103997788456e+01
2.336000000000000000e+03,1.266750645894538252e+01
2.337000000000000000e+03,1.212743123483302909e+01
2.338000000000000000e+03,1.247672330555741738e+01
2.339000000000000000e+03,1.233344903034785922e+01
2.340000000000000000e+03,1.286732801907358237e+01
2.341000000000000000e+03,1.220947952247527368e+01
2.342000000000000000e+03,1.233495285884121984e+01
2.343000000000000000e+03,1.232415992919122516e+01
2.344000000000000000e+03,1.231796394542963924e+01
2.345000000000000000e+03,1.236771485081305144e+01
2.346000000000000000e+03,1.225862667093742608e+01
2.347000000000000000e+03,1.215088183862822824e+01
2.348000000000000000e+03,1.236298927929212610e+01
2.349000000000000000e+03,1.202473476926843787e+01
2.350000000000000000e+03,1.260806747219776369e+01
2.351000000000000000e+03,1.236704227696014513e+01
2.352000000000000000e+03,1.241916745159461044e+01
2.353000000000000000e+03,1.238050085171797932e+01
2.354000000000000000e+03,1.176774166181658643e+01
2.355000000000000000e+03,1.187877149899513185e+01
2.356000000000000000e+03,1.192876226704735210e+01
2.357000000000000000e+03,1.218053149991041018e+01
2.358000000000000000e+03,1.215533377026625317e+01
2.359000000000000000e+03,1.191957074530658289e+01
2.360000000000000000e+03,1.163618854363479116e+01
2.361000000000000000e+03,1.177962136715519037e+01
2.362000000000000000e+03,1.240661871405858463e+01
2.363000000000000000e+03,1.180472467590720598e+01
2.364000000000000000e+03,1.205654112590856819e+01
2.365000000000000000e+03,1.237439531055553843e+01
2.366000000000000000e+03,1.218831014733457607e+01
2.367000000000000000e+03,1.227951548436008444e+01
2.368000000000000000e+03,1.232569208218290946e+01
2.369000000000000000e+03,1.225259986934499423e+01
2.370000000000000000e+03,1.203062405143100122e+01
2.371000000000000000e+03,1.203333781291747151e+01
2.372000000000000000e+03,1.208661303863713243e+01
2.373000000000000000e+03,1.253965566987940505e+01
2.374000000000000000e+03,1.265252672221698305e+01
2.375000000000000000e+03,1.230815123758003438e+01
2.376000000000000000e+03,1.251422393637929531e+01
2.377000000000000000e+03,1.263507556693388167e+01
2.378000000000000000e+03,1.188484731234468939e+01
2.379000000000000000e+03,1.222943202136841023e+01
2.380000000000000000e+03,1.192856479976569872e+01
2.381000000000000000e+03,1.196592418451150763e+01
2.382000000000000000e+03,1.220148723693134940e+01
2.383000000000000000e+03,1.220114860023231884e+01
2.384000000000000000e+03,1.236745800932066786e+01
2.385000000000000000e+03,1.196407821253762904e+01
2.386000000000000000e+03,1.180424613768993325e+01
2.387000000000000000e+03,1.180560288528686641e+01
2.388000000000000000e+03,1.158521986351123800e+01
2.389000000000000000e+03,1.180710234525353286e+01
2.390000000000000000e+03,1.183974743755240056e+01
2.391000000000000000e+03,1.180480761349649299e+01
2.392000000000000000e+03,1.159184866983538242e+01
2.393000000000000000e+03,1.207011206570616224e+01
2.394000000000000000e+03,1.188755423063943972e+01
2.395000000000000000e+03,1.224230327590549550e+01
2.396000000000000000e+03,1.188142361917436673e+01
2.397000000000000000e+03,1.219547123543047462e+01
2.398000000000000000e+03,1.174202830723457680e+01
2.399000000000000000e+03,1.115181400542828527e+01
2.400000000000000000e+03,1.113096606704139013e+01
2.401000000000000000e+03,1.169114206062105588e+01
2.402000000000000000e+03,1.174555542633095229e+01
2.403000000000000000e+03,1.196133776964040685e+01
2.404000000000000000e+03,1.190201361564781024e+01
2.405000000000000000e+03,1.197642549940994527e+01
2.406000000000000000e+03,1.188002766932802601e+01
2.407000000000000000e+03,1.172136206361697930e+01
2.408000000000000000e+03,1.176599855026312014e+01
2.409000000000000000e+03,1.175995350366293835e+01
2.410000000000000000e+03,1.215261527603561831e+01
2.411000000000000000e+03,1.165508491411883263e+01
2.412000000000000000e+03,1.189604625142515815e+01
2.413000000000000000e+03,1.172872189333455495e+01
2.414000000000000000e+03,1.182686395737489526e+01
2.415000000000000000e+03,1.185479184019938081e+01
2.416000000000000000e+03,1.176650687485093272e+01
2.417000000000000000e+03,1.176630994610024317e+01
2.418000000000000000e+03,1.172402142880304332e+01
2.419000000000000000e+03,1.164162370869379259e+01
2.420000000000000000e+03,1.175977512583747497e+01
2.421000000000000000e+03,1.179365453461092272e+01
2.422000000000000000e+03,1.162523184716264879e+01
2.423000000000000000e+03,1.162978965714319912e+01
2.424000000000000000e+03,1.200636007559873164e+01
2.425000000000000000e+03,1.224913005641714037e+01
2.426000000000000000e+03,1.182540875347081410e+01
2.427000000000000000e+03,1.170755917029890369e+01
2.428000000000000000e+03,1.206096763284865503e+01
2.429000000000000000e+03,1.161602036159700013e+01
2.430000000000000000e+03,1.176456253471469537e+01
2.431000000000000000e+03,1.174932283243399311e+01
2.432000000000000000e+03,1.189435054730627073e+01
2.433000000000000000e+03,1.179759471941415860e+01
2.434000000000000000e+03,1.177965180038398607e+01
2.435000000000000000e+03,1.189279181299103705e+01
2.436000000000000000e+03,1.161094437267698964e+01
2.437000000000000000e+03,1.159807638740155511e+01
2.438000000000000000e+03,1.175232972624187155e+01
2.439000000000000000e+03,1.159163095465067173e+01
2.440000000000000000e+03,1.166540861426253883e+01
2.441000000000000000e+03,1.148689602710176416e+01
2.442000000000000000e+03,1.161685430341362135e+01
2.443000000000000000e+03,1.170547460851882349e+01
2.444000000000000000e+03,1.175105454571917107e+01
2.445000000000000000e+03,1.127643514233604094e+01
2.446000000000000000e+03,1.169563772762995590e+01
2.447000000000000000e+03,1.195862930286364545e+01
2.448000000000000000e+03,1.178535287705669710e+01
2.449000000000000000e+03,1.159340114814084544e+01
2.450000000000000000e+03,1.184954333258450809e+01
2.451000000000000000e+03,1.169778662529765967e+01
2.452000000000000000e+03,1.216357263977529257e+01
2.453000000000000000e+03,1.141999531305722471e+01
2.454000000000000000e+03,1.167151811375619630e+01
2.455000000000000000e+03,1.164515775759536353e+01
2.456000000000000000e+03,1.165128382787100847e+01
2.457000000000000000e+03,1.171115935317433809e+01
2.458000000000000000e+03,1.177599282833254790e+01
2.459000000000000000e+03,1.148977533480041124e+01
2.460000000000000000e+03,1.174744744566458188e+01
2.461000000000000000e+03,1.157910440434632093e+01
2.462000000000000000e+03,1.174039630713616944e+01
2.463000000000000000e+03,1.165197177896804170e+01
2.464000000000000000e+03,1.197062306699544010e+01
2.465000000000000000e+03,1.185598290866270510e+01
2.466000000000000000e+03,1.172994280887614060e+01
2.467000000000000000e+03,1.183129727785645002e+01
2.468000000000000000e+03,1.141185763870506875e+01
2.469000000000000000e+03,1.144714155851894510e+01
2.470000000000000000e+03,1.207501891773828007e+01
2.471000000000000000e+03,1.216591593225797752e+01
2.472000000000000000e+03,1.192374697868514843e+01
2.473000000000000000e+03,1.160957521412389681e+01
2.474000000000000000e+03,1.147946925903794835e+01
2.475000000000000000e+03,1.231888123321314765e+01
2.476000000000000000e+03,1.160312032719776454e+01
2.477000000000000000e+03,1.169293218745227669e+01
2.478000000000000000e+03,1.192642067685878438e+01
2.479000000000000000e+03,1.165033785802680910e+01
2.480000000000000000e+03,1.182557786159272339e+01
2.481000000000000000e+03,1.170678729964798137e+01
2.482000000000000000e+03,1.179105105363105110e+01
2.483000000000000000e+03,1.164908494433634267e+01
2.484000000000000000e+03,1.168684453181903393e+01
2.485000000000000000e+03,1.169266413575326524e+01
2.486000000000000000e+03,1.189991542668252578e+01
2.487000000000000000e+03,1.224089357642278486e+01
2.488000000000000000e+03,1.207610490075596665e+01
2.489000000000000000e+03,1.204828975112331690e+01
2.490000000000000000e+03,1.188269535315840209e+01
2.491000000000000000e+03,1.137422485340152178e+01
2.492000000000000000e+03,1.208748136408403440e+01
2.493000000000000000e+03,1.192066837311139338e+01
2.494000000000000000e+03,1.190742730065382560e+01
2.495000000000000000e+03,1.145465423360574242e+01
2.496000000000000000e+03,1.238150869847260438e+01
2.497000000000000000e+03,1.192393399512489793e+01
2.498000000000000000e+03,1.165706471741402339e+01
2.499000000000000000e+03,1.144798432651065845e+01
2.500000000000000000e+03,1.173851837064886894e+01
2.501000000000000000e+03,1.177200168181387419e+01
2.502000000000000000e+03,1.184452217344589897e+01
2.503000000000000000e+03,1.146800332056772476e+01
2.504000000000000000e+03,1.212514504814781091e+01
2.505000000000000000e+03,1.233114187830674346e+01
2.506000000000000000e+03,1.244846027940318223e+01
2.507000000000000000e+03,1.252132975893850286e+01
2.508000000000000000e+03,1.244243143781615935e+01
2.509000000000000000e+03,1.230061444087713340e+01
2.510000000000000000e+03,1.235725942023241686e+01
2.511000000000000000e+03,1.213258343700171338e+01
2.512000000000000000e+03,1.221890357779792780e+01
2.513000000000000000e+03,1.230619166856721414e+01
2.514000000000000000e+03,1.228473695273647692e+01
2.515000000000000000e+03,1.181629545470100950e+01
2.516000000000000000e+03,1.208045807253051152e+01
2.517000000000000000e+03,1.176251167765579986e+01
2.518000000000000000e+03,1.180285279655052655e+01
2.519000000000000000e+03,1.231757796650153125e+01
2.520000000000000000e+03,1.226462325057829972e+01
2.521000000000000000e+03,1.218697914814000427e+01
2.522000000000000000e+03,1.232791378890533451e+01
2.523000000000000000e+03,1.175988313811563479e+01
2.524000000000000000e+03,1.183040321412263474e+01
2.525000000000000000e+03,1.182141667619050196e+01
2.526000000000000000e+03,1.178179354030787351e+01
2.527000000000000000e+03,1.168421103530587146e+01
2.528000000000000000e+03,1.173269967333396124e+01
2.529000000000000000e+03,1.183143963935797061e+01
2.530000000000000000e+03,1.171214940372901303e+01
2.531000000000000000e+03,1.237370428370282482e+01
2.532000000000000000e+03,1.237030760289279030e+01
2.533000000000000000e+03,1.219157580534924179e+01
2.534000000000000000e+03,1.234289649863865890e+01
2.535000000000000000e+03,1.256732571276765498e+01
2.536000000000000000e+03,1.239634103368971196e+01
2.537000000000000000e+03,1.229741366295713689e+01
2.538000000000000000e+03,1.215555951161023174e+01
2.539000000000000000e+03,1.217050901866012325e+01
2.540000000000000000e+03,1.213285823091224991e+01
2.541000000000000000e+03,1.218469898222162229e+01
2.542000000000000000e+03,1.199608388752985277e+01
2.543000000000000000e+03,1.172763085478334588e+01
2.544000000000000000e+03,1.158500396404555843e+01
2.545000000000000000e+03,1.179574020084198693e+01
2.546000000000000000e+03,1.186097443128008422e+01
2.547000000000000000e+03,1.189047460107051002e+01
2.548000000000000000e+03,1.197175715060469692e+01
2.549000000000000000e+03,1.193979035889053364e+01
2.550000000000000000e+03,1.388740243329460888e+01
2.551000000000000000e+03,1.186105238641127357e+01
2.552000000000000000e+03,1.172832357241994217e+01
2.553000000000000000e+03,1.130921145129875072e+01
2.554000000000000000e+03,1.146242153391817276e+01
2.555000000000000000e+03,1.176434598842076973e+01
2.556000000000000000e+03,1.154459132950787748e+01
2.557000000000000000e+03,1.158180195856527028e+01
2.558000000000000000e+03,1.176933947273875347e+01
2.559000000000000000e+03,1.169357357815280807e+01
2.560000000000000000e+03,1.185353311452292147e+01
2.561000000000000000e+03,1.192259518071763580e+01
2.562000000000000000e+03,1.162515247686675224e+01
2.563000000000000000e+03,1.187494313448305405e+01
2.564000000000000000e+03,1.212047738087207449e+01
2.565000000000000000e+03,1.180828804177680880e+01
2.566000000000000000e+03,1.191155250000633714e+01
2.567000000000000000e+03,1.178206134532322835e+01
2.568000000000000000e+03,1.211836963879187223e+01
2.569000000000000000e+03,1.217067816847047368e+01
2.570000000000000000e+03,1.178353281346869252e+01
2.571000000000000000e+03,1.193596789806086633e+01
2.572000000000000000e+03,1.196083674421288379e+01
2.573000000000000000e+03,1.227142326423838092e+01
2.574000000000000000e+03,1.239235629506175762e+01
2.575000000000000000e+03,1.173535166519808293e+01
2.576000000000000000e+03,1.161146898372460257e+01
2.577000000000000000e+03,1.184104968055054030e+01
2.578000000000000000e+03,1.142937350373454564e+01
2.579000000000000000e+03,1.114811106512469863e+01
2.580000000000000000e+03,1.168913675040061406e+01
2.581000000000000000e+03,1.175635588540464482e+01
2.582000000000000000e+03,1.175680032437187883e+01
2.583000000000000000e+03,1.233159996710536177e+01
2.584000000000000000e+03,1.204514169857747774e+01
2.585000000000000000e+03,1.218594176197382950e+01
2.586000000000000000e+03,1.229125045650968673e+01
2.587000000000000000e+03,1.220816197311558682e+01
2.588000000000000000e+03,1.179072276975422895e+01
2.589000000000000000e+03,1.192868201761858415e+01
2.590000000000000000e+03,1.227674549706572904e+01
2.591000000000000000e+03,1.223788453572470303e+01
2.592000000000000000e+03,1.224076809299080359e+01
2.593000000000000000e+03,1.223305404693055110e+01
2.594000000000000000e+03,1.204639293845544046e+01
2.595000000000000000e+03,1.224340269617874100e+01
2.596000000000000000e+03,1.258427915205370340e+01
2.597000000000000000e+03,1.215740570858820391e+01
2.598000000000000000e+03,1.247897702305100154e+01
2.599000000000000000e+03,1.271647830820242220e+01
2.600000000000000000e+03,1.191147598452183942e+01
2.601000000000000000e+03,1.180329735432375315e+01
2.602000000000000000e+03,1.149843955883003055e+01
2.603000000000000000e+03,1.150932918183508846e+01
2.604000000000000000e+03,1.138696697870973118e+01
2.605000000000000000e+03,1.153290727595837240e+01
2.606000000000000000e+03,1.191733881547413887e+01
2.607000000000000000e+03,1.209838122670632288e+01
2.608000000000000000e+03,1.213213247064068590e+01
2.609000000000000000e+03,1.197810269167127473e+01
2.610000000000000000e+03,1.156461815074325017e+01
2.611000000000000000e+03,1.161001062057632716e+01
2.612000000000000000e+03,1.191878625941047787e+01
2.613000000000000000e+03,1.169742748066522786e+01
2.614000000000000000e+03,1.170945332323369215e+01
2.615000000000000000e+03,1.189109392264428422e+01
2.616000000000000000e+03,1.187268157323920725e+01
2.617000000000000000e+03,1.209923942477278302e+01
2.618000000000000000e+03,1.216553355253454427e+01
2.619000000000000000e+03,1.219736540897107346e+01
2.620000000000000000e+03,1.212830629499385893e+01
2.621000000000000000e+03,1.207062572655043731e+01
2.622000000000000000e+03,1.205945879612069049e+01
2.623000000000000000e+03,1.240312728907679940e+01
2.624000000000000000e+03,1.251695642962852162e+01
2.625000000000000000e+03,1.252530920606506015e+01
2.626000000000000000e+03,1.204082345102738927e+01
2.627000000000000000e+03,1.208075293296945674e+01
2.628000000000000000e+03,1.291278716564355733e+01
2.629000000000000000e+03,1.296105521532170712e+01
2.630000000000000000e+03,1.272169774626454952e+01
2.631000000000000000e+03,1.299843458970593701e+01
2.632000000000000000e+03,1.280075108004555062e+01
2.633000000000000000e+03,1.259361947465228937e+01
2.634000000000000000e+03,1.278893933167190511e+01
2.635000000000000000e+03,1.198504657452176403e+01
2.636000000000000000e+03,1.214704343529008312e+01
2.637000000000000000e+03,1.212378481615458092e+01
2.638000000000000000e+03,1.238453955071515722e+01
2.639000000000000000e+03,1.218514877381747219e+01
2.640000000000000000e+03,1.189766063848019684e+01
2.641000000000000000e+03,1.158881793276050942e+01
2.642000000000000000e+03,1.215147528154035150e+01
2.643000000000000000e+03,1.169282378024920988e+01
2.644000000000000000e+03,1.180144101704766513e+01
2.645000000000000000e+03,1.164645573143731383e+01
2.646000000000000000e+03,1.159517678226291082e+01
2.647000000000000000e+03,1.164038884033261567e+01
2.648000000000000000e+03,1.195006678162462066e+01
2.649000000000000000e+03,1.183108716280099060e+01
2.650000000000000000e+03,1.184926521899999585e+01
2.651000000000000000e+03,1.199493059798296812e+01
2.652000000000000000e+03,1.292428160177801288e+01
2.653000000000000000e+03,1.246257257015126285e+01
2.654000000000000000e+03,1.241676947693451183e+01
2.655000000000000000e+03,1.280612182932580012e+01
2.656000000000000000e+03,1.266179538652614411e+01
2.657000000000000000e+03,1.272654034937047385e+01
2.658000000000000000e+03,1.257480844666169517e+01
2.659000000000000000e+03,1.260064357662020917e+01
2.660000000000000000e+03,1.275212386700620826e+01
2.661000000000000000e+03,1.271067846467786211e+01
2.662000000000000000e+03,1.276758619980182807e+01
2.663000000000000000e+03,1.255414210028090238e+01
2.664000000000000000e+03,1.255817699359412742e+01
2.665000000000000000e+03,1.273338423649462214e+01
2.666000000000000000e+03,1.255650011889053985e+01
2.667000000000000000e+03,1.214299066268457494e+01
2.668000000000000000e+03,1.216819658529277248e+01
2.669000000000000000e+03,1.206837245080088650e+01
2.670000000000000000e+03,1.251479564647446097e+01
2.671000000000000000e+03,1.216819658529277248e+01
2.672000000000000000e+03,1.224289463863358307e+01
2.673000000000000000e+03,1.227268958446205005e+01
2.674000000000000000e+03,1.221009444751168793e+01
2.675000000000000000e+03,1.211444562700064154e+01
2.676000000000000000e+03,1.224008670527872944e+01
2.677000000000000000e+03,1.222230476732998028e+01
2.678000000000000000e+03,1.237988124531763390e+01
2.679000000000000000e+03,1.251360670795462227e+01
2.680000000000000000e+03,1.250685234396867251e+01
2.681000000000000000e+03,1.290581461304450173e+01
2.682000000000000000e+03,1.262637075224706606e+01
2.683000000000000000e+03,1.298456138754921696e+01
2.684000000000000000e+03,1.261569111628200091e+01
2.685000000000000000e+03,1.261068059460379231e+01
2.686000000000000000e+03,1.237896669346319456e+01
2.687000000000000000e+03,1.259380393465334080e+01
2.688000000000000000e+03,1.226231443828008594e+01
2.689000000000000000e+03,1.223089551947462894e+01
2.690000000000000000e+03,1.298868409938371826e+01
2.691000000000000000e+03,1.212712229702745326e+01
2.692000000000000000e+03,1.181162403876646749e+01
2.693000000000000000e+03,1.215201132807668571e+01
2.694000000000000000e+03,1.180153955122045417e+01
2.695000000000000000e+03,1.219633737884923974e+01
2.696000000000000000e+03,1.215226400873067902e+01
2.697000000000000000e+03,1.210794593007033271e+01
2.698000000000000000e+03,1.214505772826581342e+01
2.699000000000000000e+03,1.210011445950383191e+01
2.700000000000000000e+03,1.201927304185864998e+01
2.701000000000000000e+03,1.202214849547248576e+01
2.702000000000000000e+03,1.171335605733657204e+01
2.703000000000000000e+03,1.189497661044827481e+01
2.704000000000000000e+03,1.189266064480180063e+01
2.705000000000000000e+03,1.168434978556044257e+01
2.706000000000000000e+03,1.163131039249329746e+01
2.707000000000000000e+03,1.166671440222797074e+01
2.708000000000000000e+03,1.170241394144691682e+01
2.709000000000000000e+03,1.143503882940364313e+01
2.710000000000000000e+03,1.173606069640353411e+01
2.711000000000000000e+03,1.257178164847409185e+01
2.712000000000000000e+03,1.285255612451760499e+01
2.713000000000000000e+03,1.213937427203770980e+01
2.714000000000000000e+03,1.203386217115599521e+01
2.715000000000000000e+03,1.203031035805568827e+01
2.716000000000000000e+03,1.203079931390961832e+01
2.717000000000000000e+03,1.207732831226139325e+01
2.718000000000000000e+03,1.231618236109567732e+01
2.719000000000000000e+03,1.193945536986307054e+01
2.720000000000000000e+03,1.204111369537395149e+01
2.721000000000000000e+03,1.182299847357606382e+01
2.722000000000000000e+03,1.195772740867764661e+01
2.723000000000000000e+03,1.199209968264561788e+01
2.724000000000000000e+03,1.174531727103723000e+01
2.725000000000000000e+03,1.174596915871096670e+01
2.726000000000000000e+03,1.173812169472761369e+01
2.727000000000000000e+03,1.216685625589679987e+01
2.728000000000000000e+03,1.202743758235256344e+01
2.729000000000000000e+03,1.190414745353942827e+01
2.730000000000000000e+03,1.176419328206078241e+01
2.731000000000000000e+03,1.175039014914272606e+01
2.732000000000000000e+03,1.169791336062196763e+01
2.733000000000000000e+03,1.200398798599426797e+01
2.734000000000000000e+03,1.187505078566536199e+01
2.735000000000000000e+03,1.179013766694860976e+01
2.736000000000000000e+03,1.187097207780689345e+01
2.737000000000000000e+03,1.169037162920214890e+01
2.738000000000000000e+03,1.188634883336943204e+01
2.739000000000000000e+03,1.204886827484464540e+01
2.740000000000000000e+03,1.181423381789034011e+01
2.741000000000000000e+03,1.185457895358600489e+01
2.742000000000000000e+03,1.198954941145086472e+01
2.743000000000000000e+03,1.180897121508992242e+01
2.744000000000000000e+03,1.199001610204046742e+01
2.745000000000000000e+03,1.194400312326584768e+01
2.746000000000000000e+03,1.184179608102017411e+01
2.747000000000000000e+03,1.192617697485176720e+01
2.748000000000000000e+03,1.171681447456310288e+01
2.749000000000000000e+03,1.175553239030666219e+01
2.750000000000000000e+03,1.169992426834786059e+01
2.751000000000000000e+03,1.177334653499042361e+01
2.752000000000000000e+03,1.232097973925037948e+01
2.753000000000000000e+03,1.189555157585867207e+01
2.754000000000000000e+03,1.239881639726456442e+01
2.755000000000000000e+03,1.184321124761357780e+01
2.756000000000000000e+03,1.151758636842145300e+01
2.757000000000000000e+03,1.132360358846152693e+01
2.758000000000000000e+03,1.160833856079338844e+01
2.759000000000000000e+03,1.195118801639080885e+01
2.760000000000000000e+03,1.178268734931003436e+01
2.761000000000000000e+03,1.185803965915433622e+01
2.762000000000000000e+03,1.190417181365073240e+01
2.763000000000000000e+03,1.217967673342749890e+01
2.764000000000000000e+03,1.196634237195399386e+01
2.765000000000000000e+03,1.246027415130452098e+01
2.766000000000000000e+03,1.169738555198649621e+01
2.767000000000000000e+03,1.133141953319203310e+01
2.768000000000000000e+03,1.167855643475242644e+01
2.769000000000000000e+03,1.178769329724095272e+01
2.770000000000000000e+03,1.192102399894835330e+01
2.771000000000000000e+03,1.164893155509823863e+01
2.772000000000000000e+03,1.158104747102668597e+01
2.773000000000000000e+03,1.197759668058893467e+01
2.774000000000000000e+03,1.165060660580640217e+01
2.775000000000000000e+03,1.159260492371970130e+01
2.776000000000000000e+03,1.186652090819122840e+01
2.777000000000000000e+03,1.181677739620936407e+01
2.778000000000000000e+03,1.157355905296110343e+01
2.779000000000000000e+03,1.158171829310535905e+01
2.780000000000000000e+03,1.140754505756779125e+01
2.781000000000000000e+03,1.144746419386874337e+01
2.782000000000000000e+03,1.144733830638375238e+01
2.783000000000000000e+03,1.139037547704311670e+01
2.784000000000000000e+03,1.162657454903365739e+01
2.785000000000000000e+03,1.170060471990633744e+01
2.786000000000000000e+03,1.122199283314279405e+01
2.787000000000000000e+03,1.163653285351140987e+01
2.788000000000000000e+03,1.128412196470013384e+01
2.789000000000000000e+03,1.212300529171023200e+01
2.790000000000000000e+03,1.133429813334096536e+01
2.791000000000000000e+03,1.158212850244599679e+01
2.792000000000000000e+03,1.115539055439538174e+01
2.793000000000000000e+03,1.186956394503868317e+01
2.794000000000000000e+03,1.140882702720216635e+01
2.795000000000000000e+03,1.164300100004376937e+01
2.796000000000000000e+03,1.148911459045232597e+01
2.797000000000000000e+03,1.208297357003599259e+01
2.798000000000000000e+03,1.154344113670244276e+01
2.799000000000000000e+03,1.155268366883844067e+01
2.800000000000000000e+03,1.122413968829774333e+01
2.801000000000000000e+03,1.159081205321062491e+01
2.802000000000000000e+03,1.173674256461691812e+01
2.803000000000000000e+03,1.203886612402359546e+01
2.804000000000000000e+03,1.184131432274621432e+01
2.805000000000000000e+03,1.148115529452775974e+01
2.806000000000000000e+03,1.152992769429078024e+01
2.807000000000000000e+03,1.195135595161683106e+01
2.808000000000000000e+03,1.183936400451323223e+01
2.809000000000000000e+03,1.175825521930128126e+01
2.810000000000000000e+03,1.175355893523314066e+01
2.811000000000000000e+03,1.189558569105810548e+01
2.812000000000000000e+03,1.192502315108717426e+01
2.813000000000000000e+03,1.207900071778640338e+01
2.814000000000000000e+03,1.207458657380815126e+01
2.815000000000000000e+03,1.146699277000307049e+01
2.816000000000000000e+03,1.223226883513995844e+01
2.817000000000000000e+03,1.181993807571784316e+01
2.818000000000000000e+03,1.173938153837003640e+01
2.819000000000000000e+03,1.206208550763791010e+01
2.820000000000000000e+03,1.186410161625391879e+01
2.821000000000000000e+03,1.161328179919796710e+01
2.822000000000000000e+03,1.217872071401271583e+01
2.823000000000000000e+03,1.249594104566020647e+01
2.824000000000000000e+03,1.200915622933937854e+01
2.825000000000000000e+03,1.185394698904898902e+01
2.826000000000000000e+03,1.176774416602027529e+01
2.827000000000000000e+03,1.187059983515092298e+01
2.828000000000000000e+03,1.236343285958219163e+01
2.829000000000000000e+03,1.220374969017638023e+01
2.830000000000000000e+03,1.229887835152059594e+01
2.831000000000000000e+03,1.217226323915867425e+01
2.832000000000000000e+03,1.234505276283504926e+01
2.833000000000000000e+03,1.252116233720654037e+01
2.834000000000000000e+03,1.223993658952072394e+01
2.835000000000000000e+03,1.230603282567515322e+01
2.836000000000000000e+03,1.216511691665767714e+01
2.837000000000000000e+03,1.204666071388528437e+01
2.838000000000000000e+03,1.185673944237647959e+01
2.839000000000000000e+03,1.207617599974769362e+01
2.840000000000000000e+03,1.218427373616300002e+01
2.841000000000000000e+03,1.224961661476639563e+01
2.842000000000000000e+03,1.233851784537161222e+01
2.843000000000000000e+03,1.186160751266057645e+01
2.844000000000000000e+03,1.195557048242227438e+01
2.845000000000000000e+03,1.165748906996197931e+01
2.846000000000000000e+03,1.223936801022148657e+01
2.847000000000000000e+03,1.217349506105014001e+01
2.848000000000000000e+03,1.228957089002378567e+01
2.849000000000000000e+03,1.220636427249055345e+01
2.850000000000000000e+03,1.256537162932090368e+01
2.851000000000000000e+03,1.229657693800253959e+01
2.852000000000000000e+03,1.238175705857662301e+01
2.853000000000000000e+03,1.236385833235523179e+01
2.854000000000000000e+03,1.187706018049729018e+01
2.855000000000000000e+03,1.225216089366799466e+01
2.856000000000000000e+03,1.220689631973498379e+01
2.857000000000000000e+03,1.216772692213722706e+01
2.858000000000000000e+03,1.220910790298564308e+01
2.859000000000000000e+03,1.181341140865334438e+01
2.860000000000000000e+03,1.170332051794893147e+01
2.861000000000000000e+03,1.176085269189892735e+01
2.862000000000000000e+03,1.223290711453891788e+01
2.863000000000000000e+03,1.175817097121783661e+01
2.864000000000000000e+03,1.240259242817130492e+01
2.865000000000000000e+03,1.180956754574643597e+01
2.866000000000000000e+03,1.203167873512895625e+01
2.867000000000000000e+03,1.152337359462563349e+01
2.868000000000000000e+03,1.178107297767214412e+01
2.869000000000000000e+03,1.159486619644980010e+01
2.870000000000000000e+03,1.185361266256140311e+01
2.871000000000000000e+03,1.141099930705043697e+01
2.872000000000000000e+03,1.107849806499984879e+01
2.873000000000000000e+03,1.151165289682407433e+01
2.874000000000000000e+03,1.176941344388150412e+01
2.875000000000000000e+03,1.171594159198592777e+01
2.876000000000000000e+03,1.209485259031906423e+01
2.877000000000000000e+03,1.182381379140749189e+01
2.878000000000000000e+03,1.195445413544293700e+01
2.879000000000000000e+03,1.183511449160535633e+01
2.880000000000000000e+03,1.157875323243757926e+01
2.881000000000000000e+03,1.183275771997285020e+01
2.882000000000000000e+03,1.188848775724073192e+01
2.883000000000000000e+03,1.205033937284528278e+01
2.884000000000000000e+03,1.220646123331460586e+01
2.885000000000000000e+03,1.205127912094736331e+01
2.886000000000000000e+03,1.220600218717772911e+01
2.887000000000000000e+03,1.141145154081380930e+01
2.888000000000000000e+03,1.178081226409174675e+01
2.889000000000000000e+03,1.106376600736123095e+01
2.890000000000000000e+03,1.132579721880703438e+01
2.891000000000000000e+03,1.175712650941287230e+01
2.892000000000000000e+03,1.109129410669584104e+01
2.893000000000000000e+03,1.144473722081948353e+01
2.894000000000000000e+03,1.116803130928580678e+01
2.895000000000000000e+03,1.246511009647340451e+01
2.896000000000000000e+03,1.240050169389954426e+01
2.897000000000000000e+03,1.215920410613325586e+01
2.898000000000000000e+03,1.202217102505548674e+01
2.899000000000000000e+03,1.230710635139717724e+01
2.900000000000000000e+03,1.194207876005067703e+01
2.901000000000000000e+03,1.211790793836629376e+01
2.902000000000000000e+03,1.209918868370394662e+01
2.903000000000000000e+03,1.269927967334899854e+01
2.904000000000000000e+03,1.270786154266435730e+01
2.905000000000000000e+03,1.139535594606145530e+01
2.906000000000000000e+03,1.222895651852313392e+01
2.907000000000000000e+03,1.163355053118858606e+01
2.908000000000000000e+03,1.177690848051392081e+01
2.909000000000000000e+03,1.199517259886882670e+01
2.910000000000000000e+03,1.131265039662777916e+01
2.911000000000000000e+03,1.146297247030855715e+01
2.912000000000000000e+03,1.184666966303094604e+01
2.913000000000000000e+03,1.147184411444709795e+01
2.914000000000000000e+03,1.134857557686255092e+01
2.915000000000000000e+03,1.134857557686255092e+01
2.916000000000000000e+03,1.147460253091507809e+01
2.917000000000000000e+03,1.198750767042205467e+01
2.918000000000000000e+03,1.163877026619195831e+01
2.919000000000000000e+03,1.237109070277813849e+01
